.Random.seed <-
c(403L, 10L, 691191176L, -522722165L, -638312855L, 277045816L, 
1841091302L, -1217204607L, -840379885L, -1354967614L, -1681367436L, 
-761941897L, -1861979795L, 671974916L, 1974113578L, 1221751445L, 
641718575L, 2062801974L, -1406633888L, -1708601693L, 2093582785L, 
-1146202704L, -1112449842L, -1020208583L, 1188830283L, -1393213958L, 
1345337596L, 1586511167L, 47714837L, 1184921900L, -1299940862L, 
906197213L, -45999145L, 399689406L, 395976952L, 149618395L, -1460705991L, 
1711231112L, -1405859786L, -1988105103L, 1647941283L, -1862493198L, 
554368836L, -930287609L, 1498951133L, 16587476L, -1629837830L, 
-166311611L, -2139599457L, 178548518L, 1735376816L, 1406655571L, 
-263678095L, 1016540832L, -1165577666L, -975464119L, 1099630587L, 
-2103129142L, -405379796L, 981129519L, 266438629L, 1254348444L, 
-596540686L, -1761336467L, -1856717657L, 991467214L, 1178741800L, 
-216182741L, 1616364105L, -1224168616L, -619043322L, -254677023L, 
706354547L, 2075964898L, -1699481260L, -544544681L, -1750395827L, 
-112515100L, 424392138L, -998073291L, 1105787535L, 848950166L, 
1060011840L, -1345269245L, 934750241L, 2077852432L, 108994798L, 
-2045656935L, -1440586453L, -689415142L, -911397156L, -1516222753L, 
1426010293L, -1963936180L, 727161506L, -1340800515L, 700975863L, 
1850399774L, 91330264L, -1593324997L, 1701504985L, -1083921048L, 
-1125835626L, 2010782225L, 1350325187L, -155029550L, -1251317148L, 
1054583207L, 1570195197L, -1882307852L, 1193248218L, -62285531L, 
2026618943L, -1417379898L, 109421648L, -1291073421L, -1512518511L, 
347532480L, 260431518L, -671976855L, 814445211L, -1708834902L, 
-1207284788L, -70760817L, 503240389L, -595075460L, -1765887278L, 
-1207060915L, -463004921L, 784883438L, 448895944L, 551922891L, 
1628247337L, 156956024L, 509684390L, -1522283327L, 1453862227L, 
1801021954L, -1710525644L, -44638025L, -457111379L, -1961462332L, 
-1780693526L, -1869604267L, -618552337L, -1414806538L, -383781600L, 
1256790755L, 946076545L, -1720066576L, 1070335118L, -698496007L, 
-409261685L, 1390974394L, -1680327492L, 680808447L, -132305579L, 
867683948L, -2115335486L, 1973357853L, -992148585L, -1496377602L, 
-1808612168L, -2136213861L, -1651305223L, 1070048840L, 1220100470L, 
-1725224783L, 2130472163L, -1037591630L, 1007813636L, 772572999L, 
-152330723L, 2086483092L, 1968510010L, -1091834235L, -540274849L, 
854347750L, -1407737232L, 637879699L, 1394938417L, -1105227552L, 
-249263746L, 775678985L, -975520709L, -7044598L, 638634476L, 
1202097775L, -1259478619L, -1496417956L, 152134962L, -1213981651L, 
-352537881L, 1202354190L, -1032246808L, 891841515L, -975596407L, 
-423964648L, -1641984186L, -804975199L, -102480845L, 2025605538L, 
-1475859308L, 870959895L, -673872627L, -152472540L, -1985010678L, 
56179061L, 610689231L, 1634079702L, 1602046848L, -404783165L, 
-67110559L, -1035186224L, -2038364370L, -1674667303L, -258705173L, 
-1833711270L, -1959783652L, -225163745L, -1809768843L, 1649441548L, 
-1204996382L, 118528957L, -90211273L, 494857950L, 1378781720L, 
-892283525L, -355939047L, 1658525068L, 913894240L, -1798678046L, 
-2054714456L, 1912659148L, 704849916L, -134285902L, 1029017072L, 
-454997052L, 1949125976L, -1827647110L, -19862608L, 1380372924L, 
-1382135724L, 1849393090L, -321136608L, -687802180L, 771105360L, 
1011555298L, 1052452968L, -1442886580L, 333691132L, 1712393202L, 
1943333120L, 2102436212L, -1875487736L, 858120122L, -420064816L, 
-1541841940L, -680490604L, -2082688558L, -747695776L, 807022412L, 
-470877920L, -665884798L, -269005080L, -2095095572L, 1326158908L, 
932649842L, 238552688L, 1797352484L, 2135204664L, 112282778L, 
-789632304L, -1119522628L, 1426501268L, -661668222L, -626001728L, 
550660924L, -1585103728L, -1379365342L, -542121976L, -146905844L, 
737211548L, 393678354L, 630308736L, -657332716L, -1097367000L, 
1175575866L, -1757515312L, -1636279188L, 1323292980L, -2703726L, 
-126004384L, 1749902156L, 1388005344L, 154900386L, 738764712L, 
-710492788L, 362926268L, 827134322L, -18502416L, -429780924L, 
1132407128L, -886624710L, 368724848L, 1260062780L, 1607055124L, 
1525067202L, -676949280L, 1596751740L, 218193616L, 112791714L, 
-619326424L, 740611340L, 303771580L, -2082246350L, 509325760L, 
-630887884L, 997065672L, 510243002L, 216811920L, 287205868L, 
150829652L, 2131130514L, -959981792L, 737341900L, 713487840L, 
101033666L, 569154600L, -151422292L, -1627757380L, 1642590706L, 
751075632L, -1092453212L, -1674383688L, 2027941210L, 1632181648L, 
976583548L, 205746452L, 915936066L, 1020689152L, 191145916L, 
1682728784L, -65002718L, -309766840L, 795259404L, 1103730780L, 
1378043090L, 1116971520L, -1023109804L, 135070184L, 700640250L, 
1696026832L, -2059932372L, 534430452L, -1628905070L, -1738877856L, 
923389196L, -1787530528L, 1366937954L, -275662168L, 479699532L, 
285407612L, 329284914L, -1236299664L, -1162776764L, 1622418904L, 
-1448362886L, 208043568L, -695840068L, 688400212L, -1544174526L, 
27573664L, -128374084L, -581545520L, 1701823842L, 1620283368L, 
1110917068L, 271038204L, -1230611982L, -696119168L, -509645580L, 
-336982392L, -1791967430L, -85746864L, -165761428L, -1248098156L, 
-435185326L, 1350653664L, -218572084L, 679018656L, -707015806L, 
-1814027544L, 2018394860L, 78982204L, 919960178L, 783434864L, 
1623326244L, -1533617096L, -1193949158L, -1929004336L, 1868471356L, 
516514964L, -1185932158L, -1069555776L, -1945620164L, -670942576L, 
1982936098L, 2050184200L, -714348404L, -1974475748L, -1898545518L, 
1734296704L, 1791840276L, -158081752L, -1252286918L, 1559792848L, 
1856447596L, 1628353204L, -195108846L, -2021320736L, -2012375092L, 
-412561952L, -1922169310L, 1605124392L, -1533684L, 1841423932L, 
-898780942L, -636275984L, -1102478524L, -1296686504L, -1864758726L, 
1863565040L, -2050558788L, -1151674860L, 231782594L, -1340209056L, 
959075708L, 25515216L, -1188864990L, 1058226856L, -905255028L, 
36385212L, -617196494L, 1380357952L, -1358059340L, 1208105800L, 
-268297542L, -952068336L, -2133425940L, -2117774252L, -107716846L, 
-407938144L, 765116364L, 201767776L, -549187390L, -583048692L, 
1331948442L, 392467215L, -2144247463L, -1554959378L, 862722684L, 
1866857197L, 1082125719L, 1070765664L, 260848702L, 1853299979L, 
-455057523L, -1389753158L, -397948168L, -900755295L, -1041603501L, 
1037105012L, 682267906L, -761504361L, 1781696353L, 1876583334L, 
1949306276L, -452193195L, 527157503L, -1885389416L, -943270218L, 
-1898498237L, -1913693563L, 1860669218L, -201061360L, 1313775545L, 
-335818645L, -186270884L, -1820820854L, 296142463L, -1395869751L, 
1104804958L, 667105036L, -1833191715L, 1440927719L, -2043755504L, 
563792174L, -231871013L, -956661059L, 354396202L, 60035272L, 
68031985L, -630156445L, -1898339484L, -756491630L, 1567717223L, 
-1293899471L, 911757942L, 1593537428L, -647940187L, 2085054639L, 
822076776L, -1202248378L, -953301773L, -521766315L, 2070615602L, 
108950528L, 715741417L, -639209637L, -1227036244L, 89332154L, 
-1073019025L, 447592697L, 143408526L, 689451100L, -1704865075L, 
-1970706889L, 1935400128L, 3380126L, 1453064299L, 1418461165L, 
-1329257894L, 967271704L, -90516863L, -686350285L, -2129189292L, 
476721762L, -879971081L, -127193279L, -269431354L, 222961412L, 
2128517813L, 300783007L, 2055154168L, 1727408086L, -676760989L, 
1555589669L, -185396798L, 819648176L, -830484775L, -525625269L, 
-1495972164L, 1044014314L, -1603620577L, 294830505L, 1921034046L, 
-1655401940L, -1260420995L, 317252295L, 1232886704L, -1876259378L, 
-237109509L, 656000349L, -508506486L, 1964690600L, -693381103L, 
1772284163L, -1180040188L, 1414343730L, 1746388103L, -2027056943L, 
-392618L, 1910057524L, -1006775995L, 1513794447L, 1147916040L, 
1118828838L, -214177325L, 1150157621L, 416322194L, 791168608L, 
1080295369L, -91672837L, -1944719156L, -1211405990L, -1420114865L, 
-1463678695L, -733416658L, 856759612L, -1167209811L, -1607858857L, 
246133920L, 1389969918L, 1668689099L, 416901837L, 698303994L, 
540517944L, 405040097L, 206615699L, 2068082356L, -393358398L, 
-1273796649L, 1558128673L, -829480986L, 1989262052L, 634523157L, 
